1.8849556,0.000#0.440#0.490#0.500#0.790#0.800#0.810#0.820#0.830#0.840#0.430#0.450#0.460#0.470#0.780#0.850#0.860#0.870#0.880#0.890#0.910#0.030#0.040#0.070#0.080#0.090#0.100#0.110#0.120#0.200#0.210#0.410#0.420#0.510#0.520#0.530#0.900#0.920#0.930#0.940#0.980#0.710#0.720#0.730#0.950#0.960#0.010#0.020#0.050#0.060#0.130#0.140#0.150#0.180#0.190#0.220#0.230#0.240#0.250#0.260#0.400#0.540#0.170#0.270#0.280#0.290#0.300#0.310#0.340#0.350#0.360#0.550#0.560#0.570#0.580#0.590#0.600#0.610#0.620#0.660#0.670#0.380#0.690#0.700#0.740#0.750#0.760#0.160#0.320#0.330#0.370#0.390#0.630#0.640#0.650,5.000e-01,-00000161,000000036,0,000000001,000000394,000000000,000000000
-132,1,-13,1,1,-4,1,-12,2,-1,1,-1,1,1,-4,1,-1,1,1,1,-1,2,-1,2,-3,1,1,1,1,-1,2,2,2,-3,3,-2,1,1,-1,1,-1,2,-3,2,-3,1,-2,1,-3,1,2,1,1,-3,1,-3,1,-2,2,-1,1,-1,1,1,-4,1,-24,1,-1,1,-121
-133,1,-13,1,1,-4,1,-12,2,-1,1,1,-1,1,-3,1,-2,1,1,1,-1,2,-1,2,-3,1,1,1,1,-1,2,2,2,-3,3,-2,1,1,-1,1,1,1,-3,2,-3,1,-2,1,-3,1,2,2,-3,1,-4,1,-2,2,-1,1,-1,1,1,-4,1,-24,1,-1,1,-120
-133,1,-13,1,1,-4,1,-12,2,-1,1,-1,1,1,-4,1,-1,1,1,1,-1,2,-1,2,-3,1,1,1,1,-1,2,2,2,-3,3,-2,1,1,-1,1,-1,2,-3,2,-3,1,-2,1,-3,1,2,1,1,-3,1,-3,1,-2,2,-1,1,-1,1,1,-4,1,-24,1,-1,1,-120
-133,1,-13,1,1,-4,1,-12,2,-1,1,-1,1,1,-4,1,-1,1,1,1,-1,2,-1,2,-3,1,1,1,1,-1,2,2,2,-3,3,-2,1,1,-1,1,-1,2,-3,2,-3,1,-2,1,-3,1,2,1,1,-3,1,-3,1,-2,2,-1,1,-1,1,1,-4,1,-24,1,-1,1,-120
-133,1,-13,1,-1,1,-4,1,-11,1,1,1,-1,1,-1,1,-3,1,-1,1,-1,1,1,2,-1,1,1,-3,2,1,-1,1,-1,2,2,2,-3,3,-2,1,1,-1,1,1,1,-3,2,-3,1,-1,1,-4,1,2,2,-3,1,-4,1,-1,1,1,1,-2,2,-5,1,-24,1,-1,1,-119
-133,1,-13,1,-1,1,-4,1,-11,1,1,1,-1,1,-1,1,-3,1,-1,1,-1,1,1,2,-1,1,1,-3,2,1,-1,1,-1,2,2,2,-3,3,-2,1,1,-1,1,1,1,-3,2,-3,1,-1,1,-4,1,2,2,-3,1,-4,1,-1,1,1,1,-2,2,-5,1,-24,1,-1,1,-119
-133,1,-13,1,-1,1,-4,1,-11,1,1,1,-1,1,-1,1,-3,1,-1,1,-1,1,1,2,-1,1,1,-3,2,1,-1,1,-1,2,2,2,-3,3,-2,1,1,-1,1,1,1,-3,2,-3,1,-1,1,-4,1,2,2,-3,1,-4,1,-1,1,1,1,-2,2,-5,1,-24,1,-1,1,-119
-133,1,-13,1,-1,1,-4,1,-11,1,1,1,-1,1,-1,1,-3,1,-1,1,-1,1,1,2,-2,2,-3,2,1,-1,1,-1,2,2,2,-3,3,-2,1,1,-1,1,1,1,-3,2,-3,1,-1,1,-4,1,2,2,-3,1,-4,1,-1,1,1,1,-2,2,-5,1,-24,1,-1,1,-119
-133,1,-13,1,-1,1,-4,1,-11,1,1,1,-1,1,-1,1,-3,1,-1,1,-1,1,1,2,-2,2,-3,2,1,-1,1,-1,2,2,2,-3,3,-2,1,1,-1,1,1,1,-3,2,-3,1,-1,1,-4,1,2,2,-3,1,-4,1,-1,1,1,1,-2,2,-5,1,-24,1,-1,1,-119
-133,1,-13,1,-1,1,-4,1,-11,1,1,1,-1,1,-1,1,-3,1,-1,1,-1,1,1,1,1,-1,2,-3,2,1,-1,1,-1,2,2,2,-3,3,-2,1,1,-1,1,1,1,-3,2,-3,1,-1,1,-4,1,2,2,-3,1,-4,1,-1,1,1,1,-2,2,-5,1,-24,1,-1,1,-119
-133,1,-13,1,1,-4,1,-12,2,-1,1,1,-1,1,-3,1,-2,1,1,1,-1,2,-1,2,-3,1,1,1,1,-1,2,2,2,-3,3,-2,1,1,-1,1,1,1,-3,2,-3,1,-1,1,-4,1,2,2,-3,1,-4,1,-2,2,-1,1,-1,1,1,-4,1,-24,1,-1,1,-120
-133,1,-13,1,1,-4,1,-12,2,-1,1,1,-1,1,-4,1,-1,1,1,1,-1,2,-1,2,-3,1,1,1,1,-1,2,2,2,-3,3,-2,1,1,-1,1,1,1,-3,2,-3,1,-2,1,-3,1,2,1,1,-2,1,-4,1,-2,2,-1,1,-1,1,1,-4,1,-24,1,-1,1,-120
-133,1,-13,1,1,-4,1,-12,2,-1,1,1,-1,1,-4,1,-1,1,1,1,-1,2,-1,2,-3,1,1,1,1,-1,2,2,2,-3,3,-2,1,1,-1,1,1,1,-3,2,-3,1,-2,1,-3,1,2,1,1,-2,1,-4,1,-2,2,-1,1,-1,1,1,-4,1,-24,1,-1,1,-120
-133,1,-13,1,1,-4,1,-12,2,-1,1,1,-1,1,-4,1,-1,1,1,1,-1,2,-1,2,-3,1,1,1,1,-1,2,2,2,-3,3,-2,1,1,-1,1,1,1,-3,2,-3,1,-2,1,-3,1,2,1,1,-2,1,-4,1,-2,2,-1,1,-1,1,1,-4,1,-24,1,-1,1,-120
-133,1,-13,1,-1,1,-4,1,-11,1,1,1,-1,1,-1,1,-3,1,-1,1,-1,1,1,2,-1,1,1,-3,2,1,-1,1,-1,2,2,2,-2,1,2,-2,1,1,-1,1,1,1,-3,2,-3,1,-1,1,-4,1,2,2,-3,1,-4,1,-1,1,1,1,-2,2,-5,1,-24,1,-1,1,-119
-134,1,-12,1,-1,1,-4,1,-11,1,1,1,-1,1,-1,1,-3,1,-1,1,-1,1,1,1,1,-1,2,-3,2,1,-1,1,-1,2,2,2,-3,3,-2,1,1,-1,1,1,1,-3,2,-3,1,-1,1,-4,1,2,2,-3,1,-4,1,-1,1,1,1,-2,2,-5,1,-24,1,-1,1,-119
-134,1,-12,1,-1,1,-4,1,-11,1,1,1,-1,1,-1,1,-3,1,-1,1,-1,1,1,1,1,-1,2,-3,2,1,-1,1,-1,2,2,2,-3,3,-2,1,1,-1,1,1,1,-3,2,-3,1,-1,1,-4,1,2,2,-3,1,-4,1,-1,1,1,1,-2,2,-5,1,-24,1,-1,1,-119
-134,1,-12,1,-1,1,-4,1,-11,1,1,-1,1,1,-1,1,-3,1,-1,1,-1,1,1,1,1,-1,2,-3,2,1,-1,1,-1,2,2,2,-3,3,-2,1,1,-1,1,1,1,-3,2,-3,1,-1,1,-4,1,2,2,-3,1,-4,1,-1,1,1,1,-2,2,-5,1,-24,1,-1,1,-119
-134,1,-12,1,-1,1,-4,1,-11,1,1,-1,1,1,-1,1,-3,1,-1,1,-1,1,1,1,1,-1,2,-3,2,1,-1,1,-1,2,2,2,-3,3,-2,1,1,-1,1,1,1,-3,2,-3,1,-1,1,-4,1,2,2,-3,1,-4,1,-2,2,1,-2,2,-5,1,-24,1,-1,1,-119
-134,1,-12,1,-1,1,-4,1,-11,1,1,-1,1,1,-1,1,-3,1,-2,1,1,1,1,1,-1,2,-3,2,1,-1,1,-1,2,2,2,-3,3,-2,1,1,-1,1,1,1,-3,2,-3,1,-1,1,-4,1,2,2,-3,1,-4,1,-2,2,1,-2,2,-5,1,-24,1,-1,1,-119
-134,1,-13,1,1,-4,1,-11,1,1,-1,1,1,-1,1,-3,1,-2,1,1,1,-1,2,-1,2,-3,2,-1,1,1,-1,2,2,2,-3,3,-2,1,1,-1,1,1,1,-3,2,-3,1,-1,1,-4,1,2,2,-3,1,-4,1,-2,2,-1,1,-1,1,1,-4,1,-24,1,-1,1,-119
-132,1,-13,1,1,-4,1,-12,1,1,1,-1,1,1,-4,1,-1,1,-1,2,-1,2,-1,2,-3,1,1,1,1,-1,2,2,2,-3,2,1,-1,1,1,-2,1,2,-3,2,-4,1,-1,1,-3,1,2,1,1,-3,1,-3,1,-2,2,-1,1,-1,1,1,-4,1,-24,1,-1,1,-121
-132,1,-13,1,1,-4,1,-12,1,1,1,-1,1,1,-4,1,-1,1,-1,2,-1,2,-1,2,-3,1,1,1,1,-1,2,2,1,1,-2,2,1,-1,1,1,-2,1,2,-3,2,-4,1,-1,1,-3,1,2,1,1,-3,1,-3,1,-2,2,-1,1,-1,1,1,-4,1,-24,1,-1,1,-121
-132,1,-13,1,1,-4,1,-12,1,1,1,-1,1,1,-4,1,-1,1,-1,1,1,2,-1,2,-3,1,1,1,1,-1,2,1,2,1,-2,2,1,-1,1,1,-2,1,2,-4,2,-3,1,-1,1,-3,1,2,1,1,-3,1,-3,1,-2,2,-1,1,-1,1,1,-4,1,-24,1,-2,1,-120
-132,1,-13,1,1,-4,1,-12,1,1,1,-1,1,-1,1,-3,1,-1,1,-1,1,1,2,-1,2,-3,1,1,1,1,-1,1,2,2,1,-2,2,1,-1,1,1,-2,1,2,-4,2,-3,1,-1,1,-3,1,2,1,1,-3,1,-3,1,-2,2,-1,1,-1,1,1,-4,1,-24,1,-2,1,-120
-132,1,-13,1,1,-4,1,-12,1,1,1,-1,1,-1,1,-3,1,-1,1,-1,1,1,2,-1,2,-3,1,1,1,1,-1,1,2,2,1,-2,2,1,-1,1,1,-2,1,2,-4,2,-3,1,-1,1,-3,1,2,1,1,-3,1,-3,1,-2,2,-1,1,-1,1,1,-4,1,-24,1,-2,1,-120
-132,1,-13,1,1,-4,1,-12,1,1,1,-1,1,-1,1,-3,1,-1,1,-1,1,1,2,-1,2,-3,1,1,1,1,-1,1,2,2,1,-2,2,1,-1,1,1,-2,1,2,-4,2,-3,1,-1,1,-3,1,2,1,1,-3,1,-4,1,-1,2,-1,1,-1,1,1,-4,1,-25,1,-1,1,-120
-132,1,-13,1,1,-4,1,-12,1,1,1,-1,1,-1,1,-3,1,-1,1,-1,1,1,2,-1,2,-3,1,1,1,1,-1,1,2,2,1,-2,2,1,-1,1,1,-2,1,2,-4,2,-3,1,-1,1,-3,1,2,1,1,-3,1,-4,1,-1,2,-1,1,-1,1,1,-4,1,-25,1,-1,1,-120
-132,1,-13,1,1,-4,1,-12,1,1,1,-1,1,-1,1,-3,1,-1,1,-1,1,1,2,-1,2,-4,2,1,1,-1,1,2,2,1,-2,2,1,-1,1,1,-2,1,2,-4,2,-3,1,-1,1,-4,3,1,1,-3,1,-4,1,-1,2,-1,1,-1,1,1,-4,1,-25,1,-1,1,-120
-132,1,-13,1,1,-5,1,-11,1,1,1,-1,1,-1,1,-3,1,-1,1,-1,1,1,2,-1,1,1,-3,2,1,1,-1,1,1,2,2,-2,2,1,-2,1,1,-1,1,2,-4,2,-3,1,-1,1,-4,2,2,1,-3,1,-4,1,-1,1,1,1,-2,2,-5,1,-24,1,-1,1,-120
-132,1,-13,1,1,-5,1,-11,1,1,1,-1,1,-1,1,-3,1,-1,1,-1,1,1,2,-1,1,1,-3,2,1,1,-1,1,1,2,2,-2,2,1,-2,1,1,-1,1,1,1,-3,2,-3,1,-1,1,-4,2,2,1,-3,1,-4,1,-1,1,1,1,-2,2,-5,1,-24,1,-1,1,-120
-133,1,-13,1,1,-4,1,-11,1,1,-1,1,1,-1,1,-3,1,-2,1,1,1,-1,2,-1,2,-3,2,-1,1,1,-1,2,2,2,-3,3,-2,1,1,-1,1,1,1,-3,2,-3,1,-1,1,-4,1,2,2,-3,1,-4,1,-2,2,-1,1,-1,1,1,-4,1,-24,1,-1,1,-120
-133,1,-13,1,1,-4,1,-11,1,1,-1,1,1,-1,1,-3,1,-2,1,1,1,-1,2,-1,2,-3,1,1,1,1,-1,2,2,2,-3,3,-2,1,1,-1,1,1,1,-3,2,-3,1,-1,1,-4,1,2,2,-3,1,-4,1,-2,2,-1,1,-1,1,1,-4,1,-24,1,-1,1,-120
-133,1,-13,1,1,-4,1,-12,2,-1,1,-1,1,1,-4,1,-1,1,-1,2,-1,2,-1,2,-3,1,1,1,1,-1,2,2,2,-3,2,1,-1,1,1,-1,1,-1,2,-3,2,-3,1,-2,1,-3,1,2,1,1,-3,1,-3,1,-2,2,-1,1,-1,1,1,-4,1,-24,1,-1,1,-120
-133,1,-13,1,1,-4,1,-12,2,-1,1,-1,1,1,-4,1,-1,1,-1,2,-1,2,-1,2,-3,1,1,1,1,-1,2,2,2,-3,2,1,-1,1,1,-1,1,-1,2,-3,2,-3,1,-2,1,-3,1,2,1,1,-3,1,-3,1,-2,2,-1,1,-1,1,1,-4,1,-24,1,-1,1,-120
-133,1,-13,1,1,-4,1,-12,1,1,1,-1,1,1,-4,1,-1,1,-1,2,-1,2,-1,2,-3,1,1,1,1,-1,2,2,2,-3,2,1,-1,1,1,-2,1,2,-3,2,-4,1,-1,1,-3,1,2,1,1,-3,1,-3,1,-2,2,-1,1,-1,1,1,-4,1,-24,1,-1,1,-120
-134,1,-12,1,-1,1,-4,1,-11,1,1,-1,1,1,-1,1,-3,1,-2,1,1,1,1,1,-1,2,-3,2,-1,1,1,-1,2,2,2,-3,3,-2,1,1,-1,1,1,1,-3,2,-3,1,-1,1,-4,1,2,2,-3,1,-4,1,-2,2,-1,1,-1,1,1,-4,1,-24,1,-1,1,-119
-134,1,-13,1,1,-4,1,-11,1,1,-1,1,1,-1,1,-3,1,-2,1,1,1,-1,2,-1,2,-3,1,1,1,1,-1,2,2,2,-3,3,-2,1,1,-1,1,1,1,-3,2,-3,1,-1,1,-4,1,2,2,-3,1,-4,1,-2,2,-1,1,-1,1,1,-4,1,-24,1,-1,1,-119
-134,1,-13,1,1,-4,1,-12,2,-1,1,1,-1,1,-3,1,-2,1,1,1,-1,2,-1,2,-3,1,1,1,1,-1,2,2,2,-3,3,-2,1,1,-1,1,1,1,-3,2,-3,1,-1,1,-4,1,2,2,-3,1,-4,1,-2,2,-1,1,-1,1,1,-4,1,-24,1,-1,1,-119
-134,1,-13,1,1,-4,1,-12,2,-1,1,1,-1,1,-3,1,-2,1,1,1,-1,2,-1,2,-3,1,1,1,1,-1,2,2,2,-3,3,-2,1,1,-1,1,1,1,-3,2,-3,1,-2,1,-3,1,2,2,-3,1,-4,1,-2,2,-1,1,-1,1,1,-4,1,-24,1,-1,1,-119
-134,1,-13,1,1,-4,1,-12,2,-1,1,1,-1,1,-4,1,-1,1,1,1,-1,2,-1,2,-3,1,1,1,1,-1,2,2,2,-3,3,-2,1,1,-1,1,-1,2,-3,2,-3,1,-2,1,-3,1,2,1,1,-2,1,-4,1,-2,2,-1,1,-1,1,1,-4,1,-24,1,-1,1,-119
-133,1,-13,1,1,-5,1,-11,1,1,1,-1,1,-1,1,-3,1,-1,1,-1,1,1,2,-1,1,1,-3,2,1,1,-1,1,1,2,2,-2,2,1,-2,1,1,-1,1,1,1,-3,2,-3,1,-1,1,-4,2,2,1,-3,1,-4,1,-1,1,1,1,-2,2,-5,1,-24,1,-1,1,-119
-133,1,-13,1,-1,1,-4,1,-11,1,1,1,-1,1,-1,1,-3,1,-1,1,-1,1,1,2,-1,1,1,-3,2,1,1,-1,1,1,2,2,-2,2,1,-2,1,1,-1,1,1,1,-3,2,-3,1,-1,1,-4,2,2,1,-3,1,-4,1,-1,1,1,1,-2,2,-5,1,-24,1,-1,1,-119
-133,1,-13,1,-1,1,-4,1,-11,1,1,1,-1,1,-1,1,-3,1,-1,1,-1,1,1,2,-1,1,1,-3,2,1,1,-1,1,1,2,2,-2,2,1,-2,1,1,-1,1,1,1,-3,2,-3,1,-1,1,-4,2,2,1,-3,1,-4,1,-1,1,1,1,-2,2,-5,1,-24,1,-1,1,-119
-134,1,-13,1,1,-4,1,-12,2,-1,1,1,-1,1,-4,1,-1,1,1,1,-1,2,-1,2,-3,1,1,1,1,-1,2,2,2,-3,3,-2,1,1,-1,1,1,1,-3,2,-3,1,-2,1,-3,1,2,1,1,-2,1,-4,1,-2,2,-1,1,-1,1,1,-4,1,-24,1,-1,1,-119
-134,1,-13,1,1,-4,1,-12,2,-1,1,1,-1,1,-4,1,-1,1,1,1,-1,2,-1,2,-3,1,1,1,1,-1,2,2,2,-3,3,-2,1,1,-1,1,1,1,-3,2,-3,1,-2,1,-3,1,2,1,1,-2,1,-4,1,-2,2,-1,1,-1,1,1,-4,1,-24,1,-1,1,-119
-132,1,-13,1,1,-4,1,-12,2,-1,1,-1,1,1,-4,1,-1,1,-1,2,-1,2,-1,2,-3,1,1,1,1,-1,2,2,2,-3,2,1,-1,1,1,-1,1,-1,2,-3,2,-3,1,-2,1,-3,1,2,1,1,-3,1,-3,1,-2,2,-1,1,-1,1,1,-4,1,-24,1,-1,1,-121
-132,1,-13,1,1,-4,1,-12,2,-1,1,-1,1,1,-4,1,-1,1,-1,2,-1,2,-1,2,-3,1,1,1,1,-1,2,2,2,-3,2,1,-1,1,1,-1,1,-1,2,-3,2,-3,1,-2,1,-3,1,2,1,1,-3,1,-3,1,-2,2,-1,1,-1,1,1,-4,1,-24,1,-1,1,-121
-132,1,-13,1,1,-4,1,-12,1,1,1,-1,1,1,-4,1,-1,1,-1,1,1,2,-1,2,-3,1,1,1,1,-1,2,2,1,1,-2,2,1,-1,1,1,-2,1,2,-4,2,-3,1,-1,1,-3,1,2,1,1,-3,1,-3,1,-2,2,-1,1,-1,1,1,-4,1,-24,1,-2,1,-120
-132,1,-13,1,1,-4,1,-12,1,1,1,-1,1,1,-4,1,-1,1,-1,1,1,2,-1,2,-3,1,1,1,1,-1,2,2,1,1,-2,2,1,-1,1,1,-2,1,2,-4,2,-3,1,-1,1,-3,1,2,1,1,-3,1,-3,1,-2,2,-1,1,-1,1,1,-4,1,-24,1,-2,1,-120
-132,1,-13,1,1,-4,1,-12,1,1,1,-1,1,-1,1,-3,1,-1,1,-1,1,1,2,-1,1,1,-3,2,1,1,-1,1,2,2,1,-2,2,1,-1,1,-1,1,-1,1,2,-4,2,-3,1,-1,1,-4,3,1,1,-3,1,-4,1,-1,2,-1,1,-1,1,1,-4,1,-25,1,-1,1,-120
-132,1,-13,1,1,-4,1,-12,1,1,1,-1,1,-1,1,-3,1,-1,1,-1,1,1,2,-1,1,1,-3,2,1,1,-1,1,2,2,1,-2,2,1,-1,1,-1,1,-1,1,2,-4,2,-3,1,-1,1,-4,3,1,1,-3,1,-4,1,-1,2,-1,1,-1,1,1,-4,1,-25,1,-1,1,-120
-132,1,-13,1,1,-4,1,-12,1,1,1,-1,1,-1,1,-3,1,-1,1,-1,1,1,2,-1,1,1,-3,2,1,1,-1,1,2,2,1,-2,2,1,-1,1,-1,1,-1,1,2,-4,2,-3,1,-1,1,-4,3,1,1,-3,1,-4,1,-1,2,-1,1,-1,1,1,-4,1,-25,1,-1,1,-120
-132,1,-13,1,1,-5,1,-11,1,1,1,-1,1,-1,1,-3,1,-1,1,-1,1,1,2,-1,1,1,-3,2,1,1,-1,1,1,2,2,-2,2,1,-1,1,-1,1,-1,1,2,-4,2,-3,1,-1,1,-4,3,1,1,-3,1,-4,1,-1,1,1,1,-2,2,-5,1,-24,1,-1,1,-120
-132,1,-13,1,1,-5,1,-11,1,1,1,-1,1,-1,1,-3,1,-1,1,-1,1,1,2,-1,1,1,-3,2,1,1,-1,1,1,2,2,-2,2,1,-1,1,-1,1,-1,1,2,-4,2,-3,1,-1,1,-4,2,2,1,-3,1,-4,1,-1,1,1,1,-2,2,-5,1,-24,1,-1,1,-120
-132,1,-13,1,-1,1,-4,1,-11,1,1,1,-1,1,-1,1,-3,1,-1,1,-1,1,1,2,-1,1,1,-3,2,1,1,-1,1,1,2,2,-2,2,1,-2,1,1,-1,1,1,1,-3,2,-3,1,-1,1,-4,2,2,1,-3,1,-4,1,-1,1,1,1,-2,2,-5,1,-24,1,-1,1,-120
-132,1,-13,1,-1,1,-4,1,-11,1,1,1,-1,1,-1,1,-3,1,-1,1,-1,1,1,2,-1,1,1,-3,2,1,1,-1,1,1,2,2,-2,2,1,-2,1,1,-1,1,1,1,-3,2,-3,1,-1,1,-4,2,2,1,-3,1,-4,1,-1,1,1,1,-2,2,-5,1,-24,1,-1,1,-120
-132,1,-13,1,-1,1,-4,1,-11,1,1,1,-1,1,-1,1,-3,1,-1,1,-1,1,1,2,-1,1,1,-3,2,1,1,-2,2,2,2,-2,2,1,-2,1,1,-1,1,1,1,-3,2,-3,1,-1,1,-4,2,2,1,-3,1,-4,1,-1,1,1,1,-2,2,-5,1,-24,1,-1,1,-120
-132,1,-13,1,-1,1,-4,1,-11,1,1,1,-1,1,-1,1,-3,1,-1,1,-1,1,1,2,-1,1,1,-3,2,1,1,-2,2,2,2,-2,2,1,-2,1,1,-1,1,1,1,-3,2,-3,1,-1,1,-4,2,2,1,-3,1,-4,1,-1,1,1,1,-2,2,-5,1,-24,1,-1,1,-120
-132,1,-13,1,-1,1,-4,1,-11,1,1,1,-1,1,-1,1,-3,1,-1,1,-1,1,1,2,-1,1,1,-3,2,1,1,-2,2,2,2,-2,2,1,-2,1,1,-1,1,1,1,-3,2,-3,1,-1,1,-4,2,2,1,-3,1,-4,1,-1,1,1,1,-2,2,-5,1,-24,1,-1,1,-120
-133,1,-12,1,-1,1,-4,1,-11,1,1,-1,1,1,-1,1,-3,1,-2,1,1,1,1,1,-1,2,-3,2,-1,1,1,-1,2,2,2,-3,3,-2,1,1,-1,1,1,1,-3,2,-3,1,-1,1,-4,1,2,2,-3,1,-4,1,-2,2,-1,1,-1,1,1,-4,1,-24,1,-1,1,-120
-133,1,-13,1,1,-4,1,-12,1,1,1,-1,1,1,-4,1,-1,1,-1,2,-1,2,-1,2,-3,1,1,1,1,-1,2,2,1,1,-2,2,1,-1,1,1,-2,1,2,-3,2,-4,1,-1,1,-3,1,2,1,1,-3,1,-3,1,-2,2,-1,1,-1,1,1,-4,1,-24,1,-1,1,-120
-132,1,-13,1,1,-5,1,-11,1,1,1,-1,1,-1,1,-3,1,-1,1,-1,1,1,2,-1,1,1,-3,2,1,1,-1,1,1,3,1,-2,2,1,-1,1,-1,1,-1,1,2,-4,2,-3,1,-1,1,-4,3,1,1,-3,1,-4,1,-1,1,1,1,-2,2,-4,1,-25,1,-1,1,-120
-132,1,-13,1,-1,1,-4,1,-11,1,1,1,-1,1,-1,1,-3,1,-1,1,-1,1,1,2,-1,1,1,-3,2,1,-1,1,-1,2,2,2,-2,2,1,-2,1,1,-1,1,1,1,-3,2,-3,1,-1,1,-4,1,2,2,-3,1,-4,1,-1,1,1,1,-2,2,-5,1,-24,1,-1,1,-120
-132,1,-13,1,-1,1,-4,1,-11,1,1,1,-1,1,-1,1,-3,1,-1,1,-1,1,1,2,-1,1,1,-3,2,1,-1,1,-1,2,2,2,-2,1,2,-2,1,1,-1,1,1,1,-3,2,-3,1,-1,1,-4,1,2,2,-3,1,-4,1,-1,1,1,1,-2,2,-5,1,-24,1,-1,1,-120
-132,1,-13,1,-1,1,-4,1,-11,1,1,1,-1,1,-1,1,-3,1,-1,1,-1,1,1,2,-1,1,1,-3,2,1,-1,1,-1,2,2,2,-3,3,-2,1,1,-1,1,1,1,-3,2,-3,1,-1,1,-4,1,2,2,-3,1,-4,1,-1,1,1,1,-2,2,-5,1,-24,1,-1,1,-120
-132,1,-13,1,-1,1,-4,1,-11,1,1,1,-1,1,-1,1,-3,1,-1,1,-1,1,1,2,-1,1,1,-3,2,1,-1,1,-1,2,2,2,-3,3,-2,1,1,-1,1,1,1,-3,2,-3,1,-1,1,-4,1,2,2,-3,1,-4,1,-1,1,1,1,-2,2,-5,1,-24,1,-1,1,-120
-132,1,-13,1,-1,1,-4,1,-11,1,1,1,-1,1,-1,1,-3,1,-1,1,-1,1,1,2,-1,1,1,-3,2,1,-1,1,-1,2,2,2,-3,3,-2,1,1,-1,1,1,1,-3,2,-3,1,-1,1,-4,1,2,2,-3,1,-4,1,-1,1,1,1,-2,2,-5,1,-24,1,-1,1,-120
-132,1,-13,1,-1,1,-4,1,-11,1,1,1,-1,1,-1,1,-3,1,-1,1,-1,1,1,1,1,-1,2,-3,2,1,-1,1,-1,2,2,2,-3,3,-2,1,1,-1,1,1,1,-3,2,-3,1,-1,1,-4,1,2,2,-3,1,-4,1,-1,1,1,1,-2,2,-5,1,-24,1,-1,1,-120
-133,1,-12,1,-1,1,-4,1,-11,1,1,1,-1,1,-1,1,-3,1,-1,1,-1,1,1,1,1,-1,2,-3,2,1,-1,1,-1,2,2,2,-3,3,-2,1,1,-1,1,1,1,-3,2,-3,1,-1,1,-4,1,2,2,-3,1,-4,1,-1,1,1,1,-2,2,-5,1,-24,1,-1,1,-120
-133,1,-12,1,-1,1,-4,1,-11,1,1,1,-1,1,-1,1,-3,1,-1,1,-1,1,1,1,1,-1,2,-3,2,1,-1,1,-1,2,2,2,-3,3,-2,1,1,-1,1,1,1,-3,2,-3,1,-1,1,-4,1,2,2,-3,1,-4,1,-1,1,1,1,-2,2,-5,1,-24,1,-1,1,-120
-133,1,-13,1,1,-4,1,-12,1,1,1,-1,1,1,-4,1,-1,1,-1,1,1,2,-1,2,-3,1,1,1,1,-1,2,2,1,1,-2,2,1,-1,1,1,-2,1,2,-4,2,-3,1,-1,1,-3,1,2,1,1,-3,1,-3,1,-2,2,-1,1,-1,1,1,-4,1,-24,1,-2,1,-119
-133,1,-13,1,1,-4,1,-12,1,1,1,-1,1,1,-4,1,-1,1,-1,1,1,2,-1,2,-3,1,1,1,1,-1,2,2,1,1,-2,2,1,-1,1,1,-2,1,2,-4,2,-3,1,-1,1,-3,1,2,1,1,-3,1,-3,1,-2,2,-1,1,-1,1,1,-4,1,-24,1,-2,1,-119
-133,1,-13,1,1,-4,1,-12,1,1,1,-1,1,1,-4,1,-1,1,-1,1,1,2,-1,2,-3,1,1,1,1,-1,2,1,2,1,-2,2,1,-1,1,1,-2,1,2,-4,2,-3,1,-1,1,-3,1,2,1,1,-3,1,-3,1,-2,2,-1,1,-1,1,1,-4,1,-24,1,-2,1,-119
-133,1,-13,1,1,-4,1,-12,1,1,1,-1,1,-1,1,-3,1,-1,1,-1,1,1,2,-1,2,-3,1,1,1,1,-1,1,2,2,1,-2,2,1,-1,1,1,-2,1,2,-4,2,-3,1,-1,1,-3,1,2,1,1,-3,1,-3,1,-2,2,-1,1,-1,1,1,-4,1,-24,1,-2,1,-119
-133,1,-13,1,1,-4,1,-12,1,1,1,-1,1,-1,1,-3,1,-1,1,-1,1,1,2,-1,2,-3,1,1,1,1,-1,1,2,2,1,-2,2,1,-1,1,1,-2,1,2,-4,2,-3,1,-1,1,-3,1,2,1,1,-3,1,-3,1,-2,2,-1,1,-1,1,1,-4,1,-24,1,-2,1,-119
-133,1,-13,1,1,-4,1,-12,1,1,1,-1,1,-1,1,-3,1,-1,1,-1,1,1,2,-1,2,-3,1,1,1,1,-1,1,2,2,1,-2,2,1,-1,1,1,-2,1,2,-4,2,-3,1,-1,1,-3,1,2,1,1,-3,1,-4,1,-1,2,-1,1,-1,1,1,-4,1,-25,1,-1,1,-119
-133,1,-13,1,1,-4,1,-12,1,1,1,-1,1,-1,1,-3,1,-1,1,-1,1,1,2,-1,2,-3,1,1,1,1,-1,1,2,2,1,-2,2,1,-1,1,1,-2,1,2,-4,2,-3,1,-1,1,-3,1,2,1,1,-3,1,-4,1,-1,2,-1,1,-1,1,1,-4,1,-25,1,-1,1,-119
-133,1,-13,1,1,-4,1,-12,1,1,1,-1,1,-1,1,-3,1,-1,1,-1,1,1,2,-1,2,-4,2,1,1,-1,1,2,2,1,-2,2,1,-1,1,1,-2,1,2,-4,2,-3,1,-1,1,-4,3,1,1,-3,1,-4,1,-1,2,-1,1,-1,1,1,-4,1,-25,1,-1,1,-119
-133,1,-13,1,1,-5,1,-11,1,1,1,-1,1,-1,1,-3,1,-1,1,-1,1,1,2,-1,1,1,-3,2,1,1,-1,1,2,2,1,-2,2,1,-1,1,-1,1,-1,1,2,-4,2,-3,1,-1,1,-4,3,1,1,-3,1,-4,1,-1,1,1,1,-2,2,-4,1,-25,1,-1,1,-119
-133,1,-13,1,1,-5,1,-11,1,1,1,-1,1,-1,1,-3,1,-1,1,-1,1,1,2,-1,1,1,-3,2,1,1,-1,1,1,3,1,-2,2,1,-1,1,-1,1,-1,1,2,-4,2,-3,1,-1,1,-4,3,1,1,-3,1,-4,1,-1,1,1,1,-2,2,-4,1,-25,1,-1,1,-119
-133,1,-12,1,-1,1,-4,1,-11,1,1,-1,1,1,-1,1,-3,1,-1,1,-1,1,1,1,1,-1,2,-3,2,1,-1,1,-1,2,2,2,-3,3,-2,1,1,-1,1,1,1,-3,2,-3,1,-1,1,-4,1,2,2,-3,1,-4,1,-2,2,1,-2,2,-5,1,-24,1,-1,1,-120
-133,1,-13,1,1,-5,1,-11,1,1,1,-1,1,-1,1,-3,1,-1,1,-1,1,1,2,-1,1,1,-3,2,1,1,-1,1,1,2,2,-2,2,1,-1,1,-1,1,-1,1,2,-4,2,-3,1,-1,1,-4,2,2,1,-3,1,-4,1,-1,1,1,1,-2,2,-5,1,-24,1,-1,1,-119
-133,1,-13,1,1,-5,1,-11,1,1,1,-1,1,-1,1,-3,1,-1,1,-1,1,1,2,-1,1,1,-3,2,1,1,-1,1,1,2,2,-2,2,1,-2,1,1,-1,1,2,-4,2,-3,1,-1,1,-4,2,2,1,-3,1,-4,1,-1,1,1,1,-2,2,-5,1,-24,1,-1,1,-119
-133,1,-13,1,-1,1,-4,1,-11,1,1,1,-1,1,-1,1,-3,1,-1,1,-1,1,1,2,-1,1,1,-3,2,1,1,-2,2,2,2,-2,2,1,-2,1,1,-1,1,1,1,-3,2,-3,1,-1,1,-4,2,2,1,-3,1,-4,1,-1,1,1,1,-2,2,-5,1,-24,1,-1,1,-119
-133,1,-13,1,-1,1,-4,1,-11,1,1,1,-1,1,-1,1,-3,1,-1,1,-1,1,1,2,-1,1,1,-3,2,1,1,-2,2,2,2,-2,2,1,-2,1,1,-1,1,1,1,-3,2,-3,1,-1,1,-4,2,2,1,-3,1,-4,1,-1,1,1,1,-2,2,-5,1,-24,1,-1,1,-119
-133,1,-13,1,-1,1,-4,1,-11,1,1,1,-1,1,-1,1,-3,1,-1,1,-1,1,1,2,-1,1,1,-3,2,1,1,-2,2,2,2,-2,2,1,-2,1,1,-1,1,1,1,-3,2,-3,1,-1,1,-4,2,2,1,-3,1,-4,1,-1,1,1,1,-2,2,-5,1,-24,1,-1,1,-119
-132,1,-13,1,1,-5,1,-11,1,1,1,-1,1,-1,1,-3,1,-1,1,-1,1,1,2,-1,1,1,-3,2,1,1,-1,1,2,2,1,-2,2,1,-1,1,-1,1,-1,1,2,-4,2,-3,1,-1,1,-4,3,1,1,-3,1,-4,1,-1,1,1,1,-2,2,-4,1,-25,1,-1,1,-120
-132,1,-13,1,-1,1,-4,1,-11,1,1,1,-1,1,-1,1,-3,1,-1,1,-1,1,1,2,-2,2,-3,2,1,-1,1,-1,2,2,2,-3,3,-2,1,1,-1,1,1,1,-3,2,-3,1,-1,1,-4,1,2,2,-3,1,-4,1,-1,1,1,1,-2,2,-5,1,-24,1,-1,1,-120
-132,1,-13,1,-1,1,-4,1,-11,1,1,1,-1,1,-1,1,-3,1,-1,1,-1,1,1,2,-2,2,-3,2,1,-1,1,-1,2,2,2,-3,3,-2,1,1,-1,1,1,1,-3,2,-3,1,-1,1,-4,1,2,2,-3,1,-4,1,-1,1,1,1,-2,2,-5,1,-24,1,-1,1,-120
-133,1,-12,1,-1,1,-4,1,-11,1,1,-1,1,1,-1,1,-3,1,-1,1,-1,1,1,1,1,-1,2,-3,2,1,-1,1,-1,2,2,2,-3,3,-2,1,1,-1,1,1,1,-3,2,-3,1,-1,1,-4,1,2,2,-3,1,-4,1,-1,1,1,1,-2,2,-5,1,-24,1,-1,1,-120
-133,1,-12,1,-1,1,-4,1,-11,1,1,-1,1,1,-1,1,-3,1,-2,1,1,1,1,1,-1,2,-3,2,1,-1,1,-1,2,2,2,-3,3,-2,1,1,-1,1,1,1,-3,2,-3,1,-1,1,-4,1,2,2,-3,1,-4,1,-2,2,1,-2,2,-5,1,-24,1,-1,1,-120
-133,1,-13,1,1,-4,1,-12,1,1,1,-1,1,-1,1,-3,1,-1,1,-1,1,1,2,-1,1,1,-3,2,1,1,-1,1,2,2,1,-2,2,1,-1,1,-1,1,-1,1,2,-4,2,-3,1,-1,1,-4,3,1,1,-3,1,-4,1,-1,2,-1,1,-1,1,1,-4,1,-25,1,-1,1,-119
-133,1,-13,1,1,-4,1,-12,1,1,1,-1,1,-1,1,-3,1,-1,1,-1,1,1,2,-1,1,1,-3,2,1,1,-1,1,2,2,1,-2,2,1,-1,1,-1,1,-1,1,2,-4,2,-3,1,-1,1,-4,3,1,1,-3,1,-4,1,-1,2,-1,1,-1,1,1,-4,1,-25,1,-1,1,-119
-133,1,-13,1,1,-4,1,-12,1,1,1,-1,1,-1,1,-3,1,-1,1,-1,1,1,2,-1,1,1,-3,2,1,1,-1,1,2,2,1,-2,2,1,-1,1,-1,1,-1,1,2,-4,2,-3,1,-1,1,-4,3,1,1,-3,1,-4,1,-1,2,-1,1,-1,1,1,-4,1,-25,1,-1,1,-119
