0.0000000,0.000#0.020#0.030#0.040#0.050#0.060#0.010#0.070#0.080#0.970#0.980#0.990#0.090#0.100#0.110#0.120#0.130#0.150#0.160#0.170#0.180#0.960#0.140#0.190#0.270#0.280#0.290#0.200#0.210#0.220#0.260#0.300#0.310#0.330#0.340#0.350#0.360#0.930#0.940#0.840#0.850#0.860#0.870#0.880#0.890#0.900#0.910#0.920#0.230#0.240#0.250#0.320#0.370#0.380#0.390#0.400#0.410#0.490#0.500#0.510#0.420#0.480#0.530#0.540#0.550#0.720#0.730#0.740#0.750#0.760#0.770#0.780#0.790#0.800#0.570#0.580#0.590#0.600#0.610#0.620#0.630#0.670#0.820#0.830#0.430#0.440#0.450#0.460#0.470#0.520#0.560#0.640#0.650#0.660#0.680#0.690#0.700,6.667e-02,-00000010,000000011,0,000000001,000000315,000000000,000000000
-24,1,-42,1,-14,1,1,-1,1,-8,2,-11,1,1,-8,1,-1,1,-6,1,-4,1,-2,1,-1,1,-1,1,-2,1,1,1,-2,1,-3,1,-11,1,1,-1,1,2,-1,1,-3,1,-1,1,-1,1,-2,1,-8,1,-19,2,-9,1,-2,1,1,-16,1,-76
-24,1,-43,1,-13,1,1,-1,1,-8,1,1,-10,1,1,-8,1,-2,1,-5,1,-4,1,-2,1,-1,1,-2,1,-1,1,1,1,-2,1,-3,1,-11,1,-1,1,-1,3,-2,1,-3,1,-1,1,1,-2,1,-9,1,-18,2,-9,1,-2,1,1,-16,1,-76
-25,1,-42,1,-13,1,-1,1,1,-8,1,1,-10,1,1,-9,1,-1,1,-5,1,-4,1,-3,1,1,-2,1,-1,1,1,1,-2,1,-3,1,-11,1,-1,1,-1,1,2,-1,1,-3,1,-1,1,1,-2,1,-9,1,-18,2,-9,1,-2,1,1,-16,1,-76
-25,1,-42,1,-13,1,-1,1,1,-8,1,1,-10,1,-1,1,-8,1,-1,1,-6,1,-3,1,-3,1,-1,1,-1,1,-1,1,-1,2,-3,1,-2,1,-11,1,-1,1,-1,1,2,-1,1,-3,1,-1,1,-1,1,-2,1,-8,1,-18,2,-9,1,-3,2,-16,1,-76
-25,1,-42,1,-14,1,1,-1,1,-8,2,-10,1,-1,1,-8,1,-1,1,-6,1,-3,1,-3,1,-1,1,-1,1,-1,1,-1,1,1,-2,1,-2,1,-11,1,-1,1,-1,1,2,-1,1,-3,1,-1,1,-1,1,-2,1,-8,1,-18,2,-9,1,-3,2,-16,1,-76
-25,1,-42,1,-14,1,1,-1,1,-8,2,-11,1,1,-8,1,-1,1,-6,1,-4,1,-2,1,-1,1,-1,1,-1,1,-1,1,1,-2,1,-2,1,-12,1,1,-1,1,2,-1,1,-3,1,-1,1,-1,1,-2,1,-8,1,-19,2,-9,1,-2,2,-16,1,-76
-24,1,-42,1,-14,1,1,-1,1,-8,2,-11,1,1,-8,1,-1,1,-6,1,-4,1,-2,1,-1,1,-1,1,-2,1,1,1,-2,1,-3,1,-11,1,1,-1,1,2,-1,1,-3,1,-1,1,-1,1,-2,1,-9,1,-18,2,-9,1,-2,1,1,-16,1,-76
-25,1,-42,1,-14,1,1,-1,1,-8,2,-11,1,1,-8,1,-1,1,-6,1,-4,1,-2,1,-1,1,-1,1,-2,1,1,1,-2,1,-3,1,-11,1,1,-1,1,2,-1,1,-3,1,-1,1,-1,1,-2,1,-8,1,-19,2,-9,1,-2,1,1,-16,1,-75
-25,1,-42,1,-14,1,1,-1,1,-8,1,1,-10,1,1,-8,1,-1,1,-6,1,-4,1,-2,1,-1,1,-1,1,-2,1,1,1,-2,1,-3,1,-11,1,1,-2,3,-2,1,-2,1,-2,1,1,-2,1,-9,1,-18,2,-9,1,-2,1,1,-16,1,-75
-39,1,-42,1,-13,1,-1,1,1,-8,1,1,-10,1,1,-9,1,-1,1,-6,1,-3,1,-3,1,-1,1,-1,1,-1,1,-1,2,-3,1,-2,1,-11,1,-1,1,-1,1,2,-1,1,-3,1,-1,1,-1,1,-2,1,-8,1,-18,2,-9,1,-2,1,1,-16,1,-62
-39,1,-42,1,-14,1,1,-1,1,-7,1,1,-10,1,-1,1,-8,1,-1,1,-6,1,-3,1,-3,1,-1,1,-1,1,-1,1,-1,1,1,-2,1,-2,1,-11,1,-1,1,-1,1,2,-1,1,-3,1,-1,1,-1,1,-2,1,-8,1,-18,2,-9,1,-3,2,-16,1,-62
-39,1,-42,1,-14,1,1,-1,1,-8,2,-11,1,1,-8,1,-1,1,-6,1,-4,1,-2,1,-1,1,-1,1,-1,1,-1,1,1,-2,1,-2,1,-12,1,1,-1,1,2,-1,1,-3,1,-1,1,-1,1,-2,1,-8,1,-18,1,1,-9,1,-2,2,-16,1,-62
-25,1,-43,1,-13,1,-1,1,1,-8,1,1,-10,1,1,-9,1,-1,1,-5,1,-4,1,-2,1,-1,1,-2,1,-1,1,1,1,-2,1,-3,1,-11,1,-1,1,-1,2,1,-1,1,-3,1,-1,1,1,-2,1,-9,1,-18,2,-9,1,-2,1,1,-16,1,-75
-26,1,-42,1,-13,1,-1,1,1,-8,1,1,-10,1,1,-9,1,-1,1,-6,1,-3,1,-3,1,1,-2,1,-1,1,-1,2,-2,1,-3,1,-11,1,-1,1,-1,1,2,-1,1,-3,1,-1,1,-1,1,-2,1,-8,1,-18,2,-9,1,-2,1,1,-16,1,-75
-26,1,-42,1,-13,1,-1,1,1,-8,1,1,-10,1,-1,1,-8,1,-1,1,-6,1,-3,1,-3,1,-1,1,-1,1,-1,1,-1,2,-3,1,-2,1,-11,1,-1,1,-1,1,2,-1,1,-3,1,-1,1,-1,1,-2,1,-8,1,-18,2,-9,1,-3,2,-16,1,-75
-26,1,-42,1,-14,1,1,-1,1,-8,2,-10,1,-1,1,-8,1,-1,1,-6,1,-3,1,-3,1,-1,1,-1,1,-1,1,-1,1,1,-2,1,-2,1,-12,1,1,-1,1,2,-1,1,-3,1,-1,1,-1,1,-2,1,-8,1,-18,2,-9,1,-3,2,-16,1,-75
-26,1,-42,1,-14,1,1,-1,1,-8,2,-11,1,1,-8,1,-1,1,-6,1,-4,1,-2,1,-1,1,-1,1,-2,1,1,1,-2,1,-2,1,-12,1,1,-1,1,2,-1,1,-3,1,-1,1,-1,1,-2,1,-8,1,-19,2,-9,1,-2,2,-16,1,-75
-26,1,-42,1,-14,1,1,-1,1,-8,1,1,-10,1,1,-8,1,-2,1,-5,1,-4,1,-2,1,-1,1,-1,1,-2,1,1,1,-2,1,-3,1,-11,1,-1,1,-1,3,-2,1,-2,1,-2,1,1,-2,1,-9,1,-18,2,-9,1,-2,1,1,-16,1,-74
-26,1,-43,1,-13,1,-1,1,1,-8,1,1,-10,1,1,-9,1,-1,1,-5,1,-4,1,-3,1,1,-2,1,-1,1,1,1,-2,1,-3,1,-11,1,-1,1,-1,1,2,-1,1,-3,1,-1,1,1,-2,1,-9,1,-18,2,-9,1,-2,1,1,-16,1,-74
-27,1,-42,1,-13,1,-1,1,1,-8,1,1,-10,1,1,-9,1,-1,1,-6,1,-3,1,-3,1,-1,1,-1,1,-1,1,-1,2,-3,1,-2,1,-11,1,-1,1,-1,1,2,-1,1,-3,1,-1,1,-1,1,-2,1,-8,1,-18,2,-9,1,-2,1,1,-16,1,-74
-27,1,-42,1,-14,1,1,-1,1,-7,1,1,-10,1,-1,1,-8,1,-1,1,-6,1,-3,1,-3,1,-1,1,-1,1,-1,1,-1,1,1,-2,1,-2,1,-11,1,-1,1,-1,1,2,-1,1,-3,1,-1,1,-1,1,-2,1,-8,1,-18,2,-9,1,-3,2,-16,1,-74
-38,1,-43,1,-13,1,-1,1,1,-8,1,1,-10,1,1,-9,1,-1,1,-5,1,-4,1,-3,1,1,-2,1,-1,1,1,1,-2,1,-3,1,-11,1,-1,1,-1,1,2,-1,1,-3,1,-1,1,1,-2,1,-9,1,-18,2,-9,1,-2,1,1,-16,1,-62
-26,1,-42,1,-14,1,1,-1,1,-8,2,-11,1,1,-8,1,-1,1,-6,1,-4,1,-2,1,-1,1,-1,1,-2,1,1,1,-2,1,-3,1,-11,1,1,-1,1,2,-1,1,-3,1,-1,1,-1,1,-2,1,-9,1,-18,2,-9,1,-2,1,1,-16,1,-74
-27,1,-42,1,-14,1,1,-1,1,-8,2,-11,1,1,-8,1,-1,1,-6,1,-4,1,-2,1,-1,1,-1,1,-1,1,-1,1,1,-2,1,-2,1,-12,1,1,-1,1,2,-1,1,-3,1,-1,1,-1,1,-2,1,-8,1,-18,1,1,-9,1,-2,2,-16,1,-74
-28,1,-42,1,-14,1,1,-1,1,-8,2,-11,1,1,-8,1,-1,1,-6,1,-4,1,-2,1,-1,1,-1,1,-2,1,1,1,-2,1,-3,1,-11,1,1,-1,1,2,-1,1,-3,1,-1,1,-1,1,-2,1,-8,1,-19,2,-9,1,-2,1,1,-16,1,-72
-28,1,-42,1,-14,1,1,-1,1,-8,1,1,-10,1,1,-8,1,-1,1,-6,1,-4,1,-2,1,-1,1,-1,1,-2,1,1,1,-2,1,-3,1,-11,1,1,-2,3,-2,1,-2,1,-2,1,1,-2,1,-9,1,-18,2,-9,1,-2,1,1,-16,1,-72
-28,1,-43,1,-13,1,-1,1,1,-8,1,1,-10,1,1,-9,1,-1,1,-5,1,-4,1,-2,1,-1,1,-2,1,-1,1,1,1,-2,1,-3,1,-11,1,-1,1,-1,2,1,-1,1,-3,1,-1,1,1,-2,1,-9,1,-18,2,-9,1,-2,1,1,-16,1,-72
-27,1,-42,1,-14,1,1,-1,1,-8,2,-11,1,1,-8,1,-1,1,-6,1,-4,1,-2,1,-1,1,-1,1,-2,1,1,1,-2,1,-3,1,-11,1,1,-1,1,2,-1,1,-3,1,-1,1,-1,1,-2,1,-8,1,-19,2,-9,1,-2,1,1,-16,1,-73
-27,1,-42,1,-14,1,1,-1,1,-8,2,-11,1,1,-8,1,-1,1,-6,1,-4,1,-2,1,-1,1,-1,1,-2,1,1,1,-2,1,-3,1,-11,1,1,-1,1,2,-1,1,-3,1,-1,1,-1,1,-2,1,-9,1,-18,2,-9,1,-2,1,1,-16,1,-73
-27,1,-43,1,-13,1,1,-1,1,-8,1,1,-10,1,1,-8,1,-2,1,-5,1,-4,1,-2,1,-1,1,-2,1,-1,1,1,1,-2,1,-3,1,-11,1,-1,1,-1,3,-2,1,-3,1,-1,1,1,-2,1,-9,1,-18,2,-9,1,-2,1,1,-16,1,-73
-28,1,-42,1,-14,1,1,-1,1,-8,2,-11,1,1,-8,1,-1,1,-6,1,-4,1,-2,1,-1,1,-1,1,-1,1,-1,1,1,-2,1,-2,1,-12,1,1,-1,1,2,-1,1,-3,1,-1,1,-1,1,-2,1,-8,1,-19,2,-9,1,-2,2,-16,1,-73
-29,1,-42,1,-13,1,-1,1,1,-8,1,1,-10,1,1,-9,1,-1,1,-6,1,-3,1,-3,1,1,-2,1,-1,1,-1,2,-2,1,-3,1,-11,1,-1,1,-1,1,2,-1,1,-3,1,-1,1,-1,1,-2,1,-8,1,-18,2,-9,1,-2,1,1,-16,1,-72
-29,1,-42,1,-13,1,-1,1,1,-8,1,1,-10,1,-1,1,-8,1,-1,1,-6,1,-3,1,-3,1,-1,1,-1,1,-1,1,-1,2,-3,1,-2,1,-11,1,-1,1,-1,1,2,-1,1,-3,1,-1,1,-1,1,-2,1,-8,1,-18,2,-9,1,-3,2,-16,1,-72
-29,1,-42,1,-14,1,1,-1,1,-8,2,-11,1,1,-8,1,-1,1,-6,1,-4,1,-2,1,-1,1,-1,1,-2,1,1,1,-2,1,-2,1,-12,1,1,-1,1,2,-1,1,-3,1,-1,1,-1,1,-2,1,-8,1,-19,2,-9,1,-2,2,-16,1,-72
-29,1,-42,1,-14,1,1,-1,1,-8,2,-11,1,1,-8,1,-1,1,-6,1,-4,1,-2,1,-1,1,-1,1,-2,1,1,1,-2,1,-3,1,-11,1,1,-1,1,2,-1,1,-3,1,-1,1,-1,1,-2,1,-9,1,-18,2,-9,1,-2,1,1,-16,1,-71
-29,1,-42,1,-14,1,1,-1,1,-8,1,1,-10,1,1,-8,1,-2,1,-5,1,-4,1,-2,1,-1,1,-1,1,-2,1,1,1,-2,1,-3,1,-11,1,-1,1,-1,3,-2,1,-2,1,-2,1,1,-2,1,-9,1,-18,2,-9,1,-2,1,1,-16,1,-71
-29,1,-43,1,-13,1,-1,1,1,-8,1,1,-10,1,1,-9,1,-1,1,-5,1,-4,1,-3,1,1,-2,1,-1,1,1,1,-2,1,-3,1,-11,1,-1,1,-1,1,2,-1,1,-3,1,-1,1,1,-2,1,-9,1,-18,2,-9,1,-2,1,1,-16,1,-71
-38,1,-42,1,-14,1,1,-1,1,-8,2,-11,1,1,-8,1,-1,1,-6,1,-4,1,-2,1,-1,1,-1,1,-2,1,1,1,-2,1,-2,1,-12,1,1,-1,1,2,-1,1,-3,1,-1,1,-1,1,-2,1,-8,1,-19,2,-9,1,-2,2,-16,1,-63
-38,1,-42,1,-14,1,1,-1,1,-8,2,-11,1,1,-8,1,-1,1,-6,1,-4,1,-2,1,-1,1,-1,1,-2,1,1,1,-2,1,-3,1,-11,1,1,-1,1,2,-1,1,-3,1,-1,1,-1,1,-2,1,-9,1,-18,2,-9,1,-2,1,1,-16,1,-62
-37,1,-42,1,-13,1,-1,1,1,-8,1,1,-10,1,-1,1,-8,1,-1,1,-6,1,-3,1,-3,1,-1,1,-1,1,-1,1,-1,2,-3,1,-2,1,-11,1,-1,1,-1,1,2,-1,1,-3,1,-1,1,-1,1,-2,1,-8,1,-18,2,-9,1,-3,2,-16,1,-64
-37,1,-42,1,-14,1,1,-1,1,-8,2,-10,1,-1,1,-8,1,-1,1,-6,1,-3,1,-3,1,-1,1,-1,1,-1,1,-1,1,1,-2,1,-2,1,-11,1,-1,1,-1,1,2,-1,1,-3,1,-1,1,-1,1,-2,1,-8,1,-18,2,-9,1,-3,2,-16,1,-64
-37,1,-42,1,-14,1,1,-1,1,-8,2,-11,1,1,-8,1,-1,1,-6,1,-4,1,-2,1,-1,1,-1,1,-1,1,-1,1,1,-2,1,-2,1,-12,1,1,-1,1,2,-1,1,-3,1,-1,1,-1,1,-2,1,-8,1,-19,2,-9,1,-2,2,-16,1,-64
-37,1,-42,1,-14,1,1,-1,1,-8,2,-11,1,1,-8,1,-1,1,-6,1,-4,1,-2,1,-1,1,-1,1,-2,1,1,1,-2,1,-3,1,-11,1,1,-1,1,2,-1,1,-3,1,-1,1,-1,1,-2,1,-8,1,-19,2,-9,1,-2,1,1,-16,1,-63
-37,1,-42,1,-14,1,1,-1,1,-8,1,1,-10,1,1,-8,1,-1,1,-6,1,-4,1,-2,1,-1,1,-1,1,-2,1,1,1,-2,1,-3,1,-11,1,1,-2,3,-2,1,-2,1,-2,1,1,-2,1,-9,1,-18,2,-9,1,-2,1,1,-16,1,-63
-37,1,-43,1,-13,1,-1,1,1,-8,1,1,-10,1,1,-9,1,-1,1,-5,1,-4,1,-2,1,-1,1,-2,1,-1,1,1,1,-2,1,-3,1,-11,1,-1,1,-1,2,1,-1,1,-3,1,-1,1,1,-2,1,-9,1,-18,2,-9,1,-2,1,1,-16,1,-63
-38,1,-42,1,-13,1,-1,1,1,-8,1,1,-10,1,1,-9,1,-1,1,-6,1,-3,1,-3,1,1,-2,1,-1,1,-1,2,-2,1,-3,1,-11,1,-1,1,-1,1,2,-1,1,-3,1,-1,1,-1,1,-2,1,-8,1,-18,2,-9,1,-2,1,1,-16,1,-63
-38,1,-42,1,-13,1,-1,1,1,-8,1,1,-10,1,-1,1,-8,1,-1,1,-6,1,-3,1,-3,1,-1,1,-1,1,-1,1,-1,2,-3,1,-2,1,-11,1,-1,1,-1,1,2,-1,1,-3,1,-1,1,-1,1,-2,1,-8,1,-18,2,-9,1,-3,2,-16,1,-63
-38,1,-42,1,-14,1,1,-1,1,-8,2,-10,1,-1,1,-8,1,-1,1,-6,1,-3,1,-3,1,-1,1,-1,1,-1,1,-1,1,1,-2,1,-2,1,-12,1,1,-1,1,2,-1,1,-3,1,-1,1,-1,1,-2,1,-8,1,-18,2,-9,1,-3,2,-16,1,-63
-28,1,-42,1,-13,1,-1,1,1,-8,1,1,-10,1,1,-9,1,-1,1,-5,1,-4,1,-3,1,1,-2,1,-1,1,1,1,-2,1,-3,1,-11,1,-1,1,-1,1,2,-1,1,-3,1,-1,1,1,-2,1,-9,1,-18,2,-9,1,-2,1,1,-16,1,-73
-28,1,-42,1,-13,1,-1,1,1,-8,1,1,-10,1,-1,1,-8,1,-1,1,-6,1,-3,1,-3,1,-1,1,-1,1,-1,1,-1,2,-3,1,-2,1,-11,1,-1,1,-1,1,2,-1,1,-3,1,-1,1,-1,1,-2,1,-8,1,-18,2,-9,1,-3,2,-16,1,-73
-28,1,-42,1,-14,1,1,-1,1,-8,2,-10,1,-1,1,-8,1,-1,1,-6,1,-3,1,-3,1,-1,1,-1,1,-1,1,-1,1,1,-2,1,-2,1,-11,1,-1,1,-1,1,2,-1,1,-3,1,-1,1,-1,1,-2,1,-8,1,-18,2,-9,1,-3,2,-16,1,-73
-29,1,-42,1,-14,1,1,-1,1,-8,2,-10,1,-1,1,-8,1,-1,1,-6,1,-3,1,-3,1,-1,1,-1,1,-1,1,-1,1,1,-2,1,-2,1,-12,1,1,-1,1,2,-1,1,-3,1,-1,1,-1,1,-2,1,-8,1,-18,2,-9,1,-3,2,-16,1,-72
-30,1,-42,1,-13,1,-1,1,1,-8,1,1,-10,1,1,-9,1,-1,1,-6,1,-3,1,-3,1,-1,1,-1,1,-1,1,-1,2,-3,1,-2,1,-11,1,-1,1,-1,1,2,-1,1,-3,1,-1,1,-1,1,-2,1,-8,1,-18,2,-9,1,-2,1,1,-16,1,-71
-30,1,-42,1,-14,1,1,-1,1,-7,1,1,-10,1,-1,1,-8,1,-1,1,-6,1,-3,1,-3,1,-1,1,-1,1,-1,1,-1,1,1,-2,1,-2,1,-11,1,-1,1,-1,1,2,-1,1,-3,1,-1,1,-1,1,-2,1,-8,1,-18,2,-9,1,-3,2,-16,1,-71
-30,1,-42,1,-14,1,1,-1,1,-8,2,-11,1,1,-8,1,-1,1,-6,1,-4,1,-2,1,-1,1,-1,1,-1,1,-1,1,1,-2,1,-2,1,-12,1,1,-1,1,2,-1,1,-3,1,-1,1,-1,1,-2,1,-8,1,-18,1,1,-9,1,-2,2,-16,1,-71
-30,1,-42,1,-14,1,1,-1,1,-8,2,-11,1,1,-8,1,-1,1,-6,1,-4,1,-2,1,-1,1,-1,1,-2,1,1,1,-2,1,-3,1,-11,1,1,-1,1,2,-1,1,-3,1,-1,1,-1,1,-2,1,-8,1,-19,2,-9,1,-2,1,1,-16,1,-70
-30,1,-42,1,-14,1,1,-1,1,-8,2,-11,1,1,-8,1,-1,1,-6,1,-4,1,-2,1,-1,1,-1,1,-2,1,1,1,-2,1,-3,1,-11,1,1,-1,1,2,-1,1,-3,1,-1,1,-1,1,-2,1,-9,1,-18,2,-9,1,-2,1,1,-16,1,-70
-31,1,-43,1,-13,1,-1,1,1,-8,1,1,-10,1,1,-9,1,-1,1,-5,1,-4,1,-2,1,-1,1,-2,1,-1,1,1,1,-2,1,-3,1,-11,1,-1,1,-1,2,1,-1,1,-3,1,-1,1,1,-2,1,-9,1,-18,2,-9,1,-2,1,1,-16,1,-69
-32,1,-42,1,-13,1,-1,1,1,-8,1,1,-10,1,1,-9,1,-1,1,-6,1,-3,1,-3,1,1,-2,1,-1,1,-1,2,-2,1,-3,1,-11,1,-1,1,-1,1,2,-1,1,-3,1,-1,1,-1,1,-2,1,-8,1,-18,2,-9,1,-2,1,1,-16,1,-69
-32,1,-42,1,-13,1,-1,1,1,-8,1,1,-10,1,-1,1,-8,1,-1,1,-6,1,-3,1,-3,1,-1,1,-1,1,-1,1,-1,2,-3,1,-2,1,-11,1,-1,1,-1,1,2,-1,1,-3,1,-1,1,-1,1,-2,1,-8,1,-18,2,-9,1,-3,2,-16,1,-69
-30,1,-43,1,-13,1,1,-1,1,-8,1,1,-10,1,1,-8,1,-2,1,-5,1,-4,1,-2,1,-1,1,-2,1,-1,1,1,1,-2,1,-3,1,-11,1,-1,1,-1,3,-2,1,-3,1,-1,1,1,-2,1,-9,1,-18,2,-9,1,-2,1,1,-16,1,-70
-31,1,-42,1,-14,1,1,-1,1,-8,1,1,-10,1,1,-8,1,-1,1,-6,1,-4,1,-2,1,-1,1,-1,1,-2,1,1,1,-2,1,-3,1,-11,1,1,-2,3,-2,1,-2,1,-2,1,1,-2,1,-9,1,-18,2,-9,1,-2,1,1,-16,1,-69
-32,1,-42,1,-14,1,1,-1,1,-8,2,-11,1,1,-8,1,-1,1,-6,1,-4,1,-2,1,-1,1,-1,1,-2,1,1,1,-2,1,-2,1,-12,1,1,-1,1,2,-1,1,-3,1,-1,1,-1,1,-2,1,-8,1,-19,2,-9,1,-2,2,-16,1,-69
-32,1,-42,1,-14,1,1,-1,1,-8,2,-11,1,1,-8,1,-1,1,-6,1,-4,1,-2,1,-1,1,-1,1,-2,1,1,1,-2,1,-3,1,-11,1,1,-1,1,2,-1,1,-3,1,-1,1,-1,1,-2,1,-9,1,-18,2,-9,1,-2,1,1,-16,1,-68
-32,1,-42,1,-14,1,1,-1,1,-8,1,1,-10,1,1,-8,1,-2,1,-5,1,-4,1,-2,1,-1,1,-1,1,-2,1,1,1,-2,1,-3,1,-11,1,-1,1,-1,3,-2,1,-2,1,-2,1,1,-2,1,-9,1,-18,2,-9,1,-2,1,1,-16,1,-68
-35,1,-42,1,-14,1,1,-1,1,-8,2,-10,1,-1,1,-8,1,-1,1,-6,1,-3,1,-3,1,-1,1,-1,1,-1,1,-1,1,1,-2,1,-2,1,-12,1,1,-1,1,2,-1,1,-3,1,-1,1,-1,1,-2,1,-8,1,-18,2,-9,1,-3,2,-16,1,-66
-35,1,-42,1,-14,1,1,-1,1,-8,2,-11,1,1,-8,1,-1,1,-6,1,-4,1,-2,1,-1,1,-1,1,-2,1,1,1,-2,1,-2,1,-12,1,1,-1,1,2,-1,1,-3,1,-1,1,-1,1,-2,1,-8,1,-19,2,-9,1,-2,2,-16,1,-66
-35,1,-42,1,-14,1,1,-1,1,-8,2,-11,1,1,-8,1,-1,1,-6,1,-4,1,-2,1,-1,1,-1,1,-2,1,1,1,-2,1,-3,1,-11,1,1,-1,1,2,-1,1,-3,1,-1,1,-1,1,-2,1,-9,1,-18,2,-9,1,-2,1,1,-16,1,-65
-35,1,-42,1,-14,1,1,-1,1,-8,1,1,-10,1,1,-8,1,-2,1,-5,1,-4,1,-2,1,-1,1,-1,1,-2,1,1,1,-2,1,-3,1,-11,1,-1,1,-1,3,-2,1,-2,1,-2,1,1,-2,1,-9,1,-18,2,-9,1,-2,1,1,-16,1,-65
-35,1,-43,1,-13,1,-1,1,1,-8,1,1,-10,1,1,-9,1,-1,1,-5,1,-4,1,-3,1,1,-2,1,-1,1,1,1,-2,1,-3,1,-11,1,-1,1,-1,1,2,-1,1,-3,1,-1,1,1,-2,1,-9,1,-18,2,-9,1,-2,1,1,-16,1,-65
-36,1,-42,1,-13,1,-1,1,1,-8,1,1,-10,1,1,-9,1,-1,1,-6,1,-3,1,-3,1,-1,1,-1,1,-1,1,-1,2,-3,1,-2,1,-11,1,-1,1,-1,1,2,-1,1,-3,1,-1,1,-1,1,-2,1,-8,1,-18,2,-9,1,-2,1,1,-16,1,-65
-36,1,-42,1,-14,1,1,-1,1,-7,1,1,-10,1,-1,1,-8,1,-1,1,-6,1,-3,1,-3,1,-1,1,-1,1,-1,1,-1,1,1,-2,1,-2,1,-11,1,-1,1,-1,1,2,-1,1,-3,1,-1,1,-1,1,-2,1,-8,1,-18,2,-9,1,-3,2,-16,1,-65
-36,1,-42,1,-14,1,1,-1,1,-8,2,-11,1,1,-8,1,-1,1,-6,1,-4,1,-2,1,-1,1,-1,1,-1,1,-1,1,1,-2,1,-2,1,-12,1,1,-1,1,2,-1,1,-3,1,-1,1,-1,1,-2,1,-8,1,-18,1,1,-9,1,-2,2,-16,1,-65
-36,1,-42,1,-14,1,1,-1,1,-8,2,-11,1,1,-8,1,-1,1,-6,1,-4,1,-2,1,-1,1,-1,1,-2,1,1,1,-2,1,-3,1,-11,1,1,-1,1,2,-1,1,-3,1,-1,1,-1,1,-2,1,-8,1,-19,2,-9,1,-2,1,1,-16,1,-64
-33,1,-42,1,-13,1,-1,1,1,-8,1,1,-10,1,1,-9,1,-1,1,-6,1,-3,1,-3,1,-1,1,-1,1,-1,1,-1,2,-3,1,-2,1,-11,1,-1,1,-1,1,2,-1,1,-3,1,-1,1,-1,1,-2,1,-8,1,-18,2,-9,1,-2,1,1,-16,1,-68
-33,1,-42,1,-14,1,1,-1,1,-7,1,1,-10,1,-1,1,-8,1,-1,1,-6,1,-3,1,-3,1,-1,1,-1,1,-1,1,-1,1,1,-2,1,-2,1,-11,1,-1,1,-1,1,2,-1,1,-3,1,-1,1,-1,1,-2,1,-8,1,-18,2,-9,1,-3,2,-16,1,-68
-33,1,-42,1,-14,1,1,-1,1,-8,2,-11,1,1,-8,1,-1,1,-6,1,-4,1,-2,1,-1,1,-1,1,-1,1,-1,1,1,-2,1,-2,1,-12,1,1,-1,1,2,-1,1,-3,1,-1,1,-1,1,-2,1,-8,1,-18,1,1,-9,1,-2,2,-16,1,-68
-33,1,-42,1,-14,1,1,-1,1,-8,2,-11,1,1,-8,1,-1,1,-6,1,-4,1,-2,1,-1,1,-1,1,-2,1,1,1,-2,1,-3,1,-11,1,1,-1,1,2,-1,1,-3,1,-1,1,-1,1,-2,1,-8,1,-19,2,-9,1,-2,1,1,-16,1,-67
-33,1,-42,1,-14,1,1,-1,1,-8,2,-11,1,1,-8,1,-1,1,-6,1,-4,1,-2,1,-1,1,-1,1,-2,1,1,1,-2,1,-3,1,-11,1,1,-1,1,2,-1,1,-3,1,-1,1,-1,1,-2,1,-9,1,-18,2,-9,1,-2,1,1,-16,1,-67
-33,1,-43,1,-13,1,1,-1,1,-8,1,1,-10,1,1,-8,1,-2,1,-5,1,-4,1,-2,1,-1,1,-2,1,-1,1,1,1,-2,1,-3,1,-11,1,-1,1,-1,3,-2,1,-3,1,-1,1,1,-2,1,-9,1,-18,2,-9,1,-2,1,1,-16,1,-67
-34,1,-42,1,-13,1,-1,1,1,-8,1,1,-10,1,1,-9,1,-1,1,-5,1,-4,1,-3,1,1,-2,1,-1,1,1,1,-2,1,-3,1,-11,1,-1,1,-1,1,2,-1,1,-3,1,-1,1,1,-2,1,-9,1,-18,2,-9,1,-2,1,1,-16,1,-67
-34,1,-42,1,-14,1,1,-1,1,-8,2,-11,1,1,-8,1,-1,1,-6,1,-4,1,-2,1,-1,1,-1,1,-2,1,1,1,-2,1,-3,1,-11,1,1,-1,1,2,-1,1,-3,1,-1,1,-1,1,-2,1,-8,1,-19,2,-9,1,-2,1,1,-16,1,-66
-36,1,-43,1,-13,1,1,-1,1,-8,1,1,-10,1,1,-8,1,-2,1,-5,1,-4,1,-2,1,-1,1,-2,1,-1,1,1,1,-2,1,-3,1,-11,1,-1,1,-1,3,-2,1,-3,1,-1,1,1,-2,1,-9,1,-18,2,-9,1,-2,1,1,-16,1,-64
-37,1,-42,1,-13,1,-1,1,1,-8,1,1,-10,1,1,-9,1,-1,1,-5,1,-4,1,-3,1,1,-2,1,-1,1,1,1,-2,1,-3,1,-11,1,-1,1,-1,1,2,-1,1,-3,1,-1,1,1,-2,1,-9,1,-18,2,-9,1,-2,1,1,-16,1,-64
-31,1,-42,1,-13,1,-1,1,1,-8,1,1,-10,1,1,-9,1,-1,1,-5,1,-4,1,-3,1,1,-2,1,-1,1,1,1,-2,1,-3,1,-11,1,-1,1,-1,1,2,-1,1,-3,1,-1,1,1,-2,1,-9,1,-18,2,-9,1,-2,1,1,-16,1,-70
-31,1,-42,1,-13,1,-1,1,1,-8,1,1,-10,1,-1,1,-8,1,-1,1,-6,1,-3,1,-3,1,-1,1,-1,1,-1,1,-1,2,-3,1,-2,1,-11,1,-1,1,-1,1,2,-1,1,-3,1,-1,1,-1,1,-2,1,-8,1,-18,2,-9,1,-3,2,-16,1,-70
-31,1,-42,1,-14,1,1,-1,1,-8,2,-10,1,-1,1,-8,1,-1,1,-6,1,-3,1,-3,1,-1,1,-1,1,-1,1,-1,1,1,-2,1,-2,1,-11,1,-1,1,-1,1,2,-1,1,-3,1,-1,1,-1,1,-2,1,-8,1,-18,2,-9,1,-3,2,-16,1,-70
-31,1,-42,1,-14,1,1,-1,1,-8,2,-11,1,1,-8,1,-1,1,-6,1,-4,1,-2,1,-1,1,-1,1,-1,1,-1,1,1,-2,1,-2,1,-12,1,1,-1,1,2,-1,1,-3,1,-1,1,-1,1,-2,1,-8,1,-19,2,-9,1,-2,2,-16,1,-70
-31,1,-42,1,-14,1,1,-1,1,-8,2,-11,1,1,-8,1,-1,1,-6,1,-4,1,-2,1,-1,1,-1,1,-2,1,1,1,-2,1,-3,1,-11,1,1,-1,1,2,-1,1,-3,1,-1,1,-1,1,-2,1,-8,1,-19,2,-9,1,-2,1,1,-16,1,-69
-32,1,-42,1,-14,1,1,-1,1,-8,2,-10,1,-1,1,-8,1,-1,1,-6,1,-3,1,-3,1,-1,1,-1,1,-1,1,-1,1,1,-2,1,-2,1,-12,1,1,-1,1,2,-1,1,-3,1,-1,1,-1,1,-2,1,-8,1,-18,2,-9,1,-3,2,-16,1,-69
-32,1,-43,1,-13,1,-1,1,1,-8,1,1,-10,1,1,-9,1,-1,1,-5,1,-4,1,-3,1,1,-2,1,-1,1,1,1,-2,1,-3,1,-11,1,-1,1,-1,1,2,-1,1,-3,1,-1,1,1,-2,1,-9,1,-18,2,-9,1,-2,1,1,-16,1,-68
-34,1,-42,1,-13,1,-1,1,1,-8,1,1,-10,1,-1,1,-8,1,-1,1,-6,1,-3,1,-3,1,-1,1,-1,1,-1,1,-1,2,-3,1,-2,1,-11,1,-1,1,-1,1,2,-1,1,-3,1,-1,1,-1,1,-2,1,-8,1,-18,2,-9,1,-3,2,-16,1,-67
-34,1,-42,1,-14,1,1,-1,1,-8,2,-10,1,-1,1,-8,1,-1,1,-6,1,-3,1,-3,1,-1,1,-1,1,-1,1,-1,1,1,-2,1,-2,1,-11,1,-1,1,-1,1,2,-1,1,-3,1,-1,1,-1,1,-2,1,-8,1,-18,2,-9,1,-3,2,-16,1,-67
-34,1,-42,1,-14,1,1,-1,1,-8,2,-11,1,1,-8,1,-1,1,-6,1,-4,1,-2,1,-1,1,-1,1,-1,1,-1,1,1,-2,1,-2,1,-12,1,1,-1,1,2,-1,1,-3,1,-1,1,-1,1,-2,1,-8,1,-19,2,-9,1,-2,2,-16,1,-67
-34,1,-42,1,-14,1,1,-1,1,-8,1,1,-10,1,1,-8,1,-1,1,-6,1,-4,1,-2,1,-1,1,-1,1,-2,1,1,1,-2,1,-3,1,-11,1,1,-2,3,-2,1,-2,1,-2,1,1,-2,1,-9,1,-18,2,-9,1,-2,1,1,-16,1,-66
-34,1,-43,1,-13,1,-1,1,1,-8,1,1,-10,1,1,-9,1,-1,1,-5,1,-4,1,-2,1,-1,1,-2,1,-1,1,1,1,-2,1,-3,1,-11,1,-1,1,-1,2,1,-1,1,-3,1,-1,1,1,-2,1,-9,1,-18,2,-9,1,-2,1,1,-16,1,-66
-35,1,-42,1,-13,1,-1,1,1,-8,1,1,-10,1,1,-9,1,-1,1,-6,1,-3,1,-3,1,1,-2,1,-1,1,-1,2,-2,1,-3,1,-11,1,-1,1,-1,1,2,-1,1,-3,1,-1,1,-1,1,-2,1,-8,1,-18,2,-9,1,-2,1,1,-16,1,-66
